_f16 = {
    key: "f16",
    scale: 0.35,
    size: [64, 64],
    anchor: [32, 17],
    path: "m 31.9,2.7 0.1,3.5 0.4,0.7 0.5,1.5 0.4,1.9 0.4,2.4 0.2,1.8 0.2,0.2 0,0.7 -0.1,0.3 0.1,1.4 0.2,0.2 0.1,0.3 0.4,3.6 0.7,3.8 0.8,3.1 0.6,2 0.2,1.1 0.1,1.5 1.5,1.2 0.1,-0.4 0.1,-0.3 0.1,0.3 0.1,0.7 4.4,3.7 0.1,-0.4 0.1,-0.3 0.1,0.3 0.1,0.7 5.4,4.6 0,-1.8 0.2,-0.7 0,-1.3 -0.1,0 0,-0.3 0.3,-0.2 0.2,-0.4 0,-0.9 0.1,-0.6 0.2,-0.1 0.2,0.1 0.1,0.6 0,0.9 0.2,0.4 0.3,0.2 0,0.3 -0.5,-0.1 -0.1,7.3 0.6,0.6 0,1.4 -1.7,0 0,-1 -13.3,0 0.1,4.2 6.4,5.9 0,2.3 -0.8,1 -5.6,0.1 0,-0.8 -1.5,0 0,-3.3 -0.2,0 -0.2,1.3 0,1 -0.1,0.9 -0.3,0.6 -1.6,0 -0.1,2.9 -0.1,0.2 -0.1,0.1 -0.1,-0.1 -0.1,-0.2 0,-2.9 -1.7,0 -0.3,-0.6 -0.1,-0.9 0,-1 -0.1,-1.3 -0.3,0 0,3.3 -1.5,0 0,0.8 -5.6,0 -0.8,-1.1 0,-2.3 6.4,-5.9 0.1,-4.2 -13.3,0 0,1 -1.7,0 0,-1.4 0.6,-0.6 -0.1,-7.3 -0.5,0.1 0,-0.3 0.3,-0.2 0.2,-0.4 0,-0.9 0.1,-0.6 0.2,-0.1 0.2,0.1 0.1,0.6 0,0.9 0.2,0.4 0.3,0.2 0,0.3 -0.1,0 0,1.3 0.2,0.7 0,1.8 5.4,-4.6 0.1,-0.7 0.1,-0.3 0.1,0.3 0.1,0.4 4.4,-3.7 0.1,-0.7 0.1,-0.3 0.1,0.3 0.1,0.4 1.5,-1.2 0.1,-1.5 0.2,-1.1 0.6,-2 0.8,-3.1 0.7,-3.8 0.4,-3.6 0.1,-0.3 0.2,-0.2 0.1,-1.4 -0.1,-0.3 0,-0.7 0.2,-0.2 0.2,-1.8 0.4,-2.4 0.4,-1.9 0.5,-1.5 0.4,-0.7 z"
};

	'a318': {
		svg: '<svg xmlns="http://www.w3.org/2000/svg" viewBox="0 0 64 64" width="41px" height="41px" add_stroke_selected><defs><style>.cls-1{fill:aircraft_color_fill;}</style></defs><title>a318_live</title><g id="Layer_2" data-name="Layer 2"><g id="A318"><path class="cls-1" d="m 32,4.5 0.4,0.1 0.4,0.4 0.7,1.1 0.7,1.4 0.4,1.3 0.3,1.4 0.1,1.2 0,8.9 0.3,0.8 0.3,0.3 3.7,1.9 -0.2,-1.2 0,-1.5 0.1,-1.2 0.2,-0.4 2.4,0 0.2,0.4 0.1,1.2 0,1.5 -0.3,2 -0.2,0 0,0.4 15.7,8.1 0.3,0.2 0.2,0.2 0.1,0.3 0,2.5 -0.2,0 0,-0.8 -7.5,-2.2 -0.1,0.5 -0.1,0.4 -0.1,0.2 -0.1,-0.2 -0.1,-0.4 -0.1,-0.7 -4.8,-1.4 -0.1,0.5 -0.1,0.4 -0.1,0.2 -0.1,-0.2 -0.1,-0.4 -0.1,-0.7 -2.3,-0.7 -1.1,0 -0.1,0.4 -0.1,0.2 -0.1,-0.2 -0.1,-0.4 -0.8,0 -0.1,0.7 -0.1,0.4 -0.1,0.2 -0.1,-0.2 -0.1,-0.4 -0.1,-0.7 -4,0 0,4.8 -0.1,2.9 -0.3,2 -0.3,1.7 -0.4,1.7 0.1,0.4 0.4,0.4 6.8,4.5 0.1,0.1 0.1,0.3 0,1.6 -8.2,-1.9 -0.3,1.3 -0.3,0.9 -0.2,0.7 0,0.3 -0.8,0 0,-0.3 -0.2,-0.7 -0.3,-0.9 -0.3,-1.3 -8.2,1.9 0,-1.6 0.1,-0.3 0.1,-0.1 6.8,-4.5 0.4,-0.4 0.1,-0.4 -0.4,-1.7 -0.3,-1.7 -0.3,-2 -0.1,-2.9 0,-4.8 -4,0 -0.1,0.7 -0.1,0.4 -0.1,0.2 -0.1,-0.2 -0.1,-0.4 -0.1,-0.7 -0.8,0 -0.1,0.4 -0.1,0.2 -0.1,-0.2 -0.1,-0.4 -1.1,0 -2.3,0.7 -0.1,0.7 -0.1,0.4 -0.1,0.2 -0.1,-0.2 -0.1,-0.4 -0.1,-0.5 -4.8,1.4 -0.1,0.7 -0.1,0.4 -0.1,0.2 -0.1,-0.2 -0.1,-0.4 -0.1,-0.5 -7.5,2.2 0,0.8 -0.2,0 0,-2.5 0.1,-0.3 0.2,-0.2 0.3,-0.2 15.7,-8.1 0,-0.4 -0.2,0 -0.3,-2 0,-1.5 0.1,-1.2 0.2,-0.4 2.4,0 0.2,0.4 0.1,1.2 0,1.5 -0.2,1.2 3.7,-1.9 0.3,-0.3 0.3,-0.8 0,-8.9 0.1,-1.2 0.3,-1.4 0.4,-1.3 0.7,-1.4 0.7,-1.1 0.4,-0.4 z" stroke="black" stroke-width="0.5"/></g></g></svg>',
		size: [41, 41]
	},

'a319': {
		svg: '<svg xmlns="http://www.w3.org/2000/svg" viewBox="0 0 64 64" width="41px" height="41px" add_stroke_selected><defs><style>.cls-1{fill:aircraft_color_fill;}</style></defs><title>a319_live</title><g id="Layer_2" data-name="Layer 2"><g id="A319"><path class="cls-1" d="m 32,3.8 0.4,0.1 0.4,0.4 0.7,1.1 0.7,1.4 0.4,1.3 0.3,1.4 0.1,1.2 0,9.6 0.3,0.8 0.3,0.3 3.7,1.9 -0.2,-1.2 0,-1.5 0.1,-1.2 0.2,-0.4 2.4,0 0.2,0.4 0.1,1.2 0,1.5 -0.3,2 -0.2,0 0,0.4 15.7,8.1 0.3,0.2 0.2,0.2 0.1,0.3 0,2.5 -0.2,0 0,-0.8 -7.5,-2.2 -0.1,0.5 -0.1,0.4 -0.1,0.2 -0.1,-0.2 -0.1,-0.4 -0.1,-0.7 -4.8,-1.4 -0.1,0.5 -0.1,0.4 -0.1,0.2 -0.1,-0.2 -0.1,-0.4 -0.1,-0.7 -2.3,-0.7 -1.1,0 -0.1,0.4 -0.1,0.2 -0.1,-0.2 -0.1,-0.4 -0.8,0 -0.1,0.7 -0.1,0.4 -0.1,0.2 -0.1,-0.2 -0.1,-0.4 -0.1,-0.7 -4,0 0,7.9 -0.1,2.9 -0.3,2 -0.3,1.7 -0.4,1.7 0.1,0.4 0.4,0.4 6.8,4.5 0.1,0.1 0.1,0.3 0,1.6 -8.2,-1.9 -0.3,1.3 -0.3,0.9 -0.2,0.7 0,0.3 -0.8,0 0,-0.3 -0.2,-0.7 -0.3,-0.9 -0.3,-1.3 -8.2,1.9 0,-1.6 0.1,-0.3 0.1,-0.1 6.8,-4.5 0.4,-0.4 0.1,-0.4 -0.4,-1.7 -0.3,-1.7 -0.3,-2 -0.1,-2.9 0,-7.9 -4,0 -0.1,0.7 -0.1,0.4 -0.1,0.2 -0.1,-0.2 -0.1,-0.4 -0.1,-0.7 -0.8,0 -0.1,0.4 -0.1,0.2 -0.1,-0.2 -0.1,-0.4 -1.1,0 -2.3,0.7 -0.1,0.7 -0.1,0.4 -0.1,0.2 -0.1,-0.2 -0.1,-0.4 -0.1,-0.5 -4.8,1.4 -0.1,0.7 -0.1,0.4 -0.1,0.2 -0.1,-0.2 -0.1,-0.4 -0.1,-0.5 -7.5,2.2 0,0.8 -0.2,0 0,-2.5 0.1,-0.3 0.2,-0.2 0.3,-0.2 15.7,-8.1 0,-0.4 -0.2,0 -0.3,-2 0,-1.5 0.1,-1.2 0.2,-0.4 2.4,0 0.2,0.4 0.1,1.2 0,1.5 -0.2,1.2 3.7,-1.9 0.3,-0.3 0.3,-0.8 0,-9.6 0.1,-1.2 0.3,-1.4 0.4,-1.3 0.7,-1.4 0.7,-1.1 0.4,-0.4 z" stroke="black" stroke-width="0.5"/></g></g></svg>',
		size: [41, 41]
	},

'b734': {
		svg: '<svg xmlns="http://www.w3.org/2000/svg" viewBox="0 0 64 64" width="39px" height="39px" add_stroke_selected><defs><style>.cls-1{fill:aircraft_color_fill;}</style></defs><title>b734_live</title><g id="Layer_2" data-name="Layer 2"><g id="737-400"><path class="cls-1" d="m 32,2.3 0.3,0.1 0.8,1.2 0.9,3.1 0.6,3.1 0.5,5.2 0,8.6 3.6,2.7 -0.2,-1.5 0,-1.5 0.1,-1.2 0.2,-0.4 2.8,0 0.2,0.4 0.1,1.2 0,1.5 -0.4,2.2 -0.3,0 -0.1,0.9 14,7.7 0.4,0.4 0.2,0.7 0,1.5 -8.3,-2.4 -0.1,0.4 -0.2,0.2 -0.2,-0.2 -0.1,-0.5 -3.7,-1.1 -0.1,0.4 -0.2,0.2 -0.2,-0.2 -0.1,-0.5 -2,-0.6 0,1 -0.1,0.5 -0.1,0.1 -0.4,0 -0.1,-0.1 -0.1,-0.5 0,-1.3 -4.6,0 0,10.5 -0.1,2.8 -0.6,3.7 -0.6,3 0.1,0.4 8.5,5.9 0,1.8 -10,-2.5 -0.2,0.7 -0.1,0.8 -0.1,0.4 -0.1,-0.4 -0.1,-0.8 -0.2,-0.7 -10,2.5 0,-1.8 8.5,-5.9 0.1,-0.4 -0.6,-3 -0.6,-3.7 -0.1,-2.8 0,-10.5 -4.6,0 0,1.3 -0.1,0.5 -0.1,0.1 -0.4,0 -0.1,-0.1 -0.1,-0.5 0,-1 -2,0.6 -0.1,0.5 -0.2,0.2 -0.2,-0.2 -0.1,-0.4 -3.7,1.1 -0.1,0.5 -0.2,0.2 -0.2,-0.2 -0.1,-0.4 -8.3,2.4 0,-1.5 0.2,-0.7 0.4,-0.4 14,-7.7 -0.1,-0.9 -0.3,0 -0.4,-2.2 0,-1.5 0.1,-1.2 0.2,-0.4 2.8,0 0.2,0.4 0.1,1.6 0,1.1 -0.2,1.5 3.6,-2.8 0,-8.5 0.5,-5.2 0.6,-3.1 1,-3.1 0.7,-1.2 z"" stroke="black" stroke-width="0.5"/></g></g></svg>',
		size: [39, 39]
	},

//737-700 - Standard Scale 42px, 3in4 Non-linear Scale 40px 
	'b737': {
		svg: '<svg xmlns="http://www.w3.org/2000/svg" viewBox="0 0 64 64" width="40px" height="40px" add_stroke_selected><defs><style>.cls-1{fill:aircraft_color_fill;}</style></defs><title>b737_live</title><g id="Layer_2" data-name="Layer 2"><g id="737-700"><path class="cls-1" d="m 32,5.3 0.3,0.1 0.8,1.2 0.9,3.1 0.6,3.1 0.5,5.2 0,5.5 2.9,2.4 -0.1,-1 0,-1.5 0.1,-1.2 0.2,-0.4 2.7,0 0.2,0.4 0.1,1.2 0,1.5 -0.3,2.3 -0.4,0 -0.1,0.3 1.8,1 15.9,8.3 0.9,0.8 0.5,1.2 0,1.9 -0.4,-0.9 -0.7,-0.9 -11.4,-3.6 -0.1,0.8 -0.3,0.7 -0.3,-0.7 -0.1,-1 -4.2,-1 -0.1,0.8 -0.3,0.7 -0.3,-0.7 -0.1,-1 -1.2,-0.2 -0.6,0 -0.1,0.9 -0.3,0.7 -0.3,-0.7 -0.1,-0.9 -3.5,0 0,6.9 -0.1,2.7 -0.3,2.5 -0.7,2.4 9.1,7 0,2 -10.7,-3.2 -0.3,1 -0.2,0 -0.3,-1 -10.7,3.2 0,-2 9.2,-7 -0.7,-2.4 -0.4,-2.5 -0.1,-2.7 0,-6.9 -3.5,0 -0.1,0.9 -0.3,0.7 -0.3,-0.7 -0.1,-0.9 -0.6,0 -1.2,0.2 -0.1,1 -0.3,0.7 -0.3,-0.7 -0.1,-0.8 -4.2,1 -0.1,1 -0.3,0.7 -0.3,-0.7 -0.1,-0.8 -11.4,3.6 -0.7,0.9 -0.4,0.9 0,-1.9 0.5,-1.2 0.9,-0.8 15.9,-8.3 1.8,-1 -0.1,-0.3 -0.5,0 -0.2,-2.3 0,-1.5 0.1,-1.2 0.2,-0.4 2.7,0 0.2,0.4 0.1,1.2 0,1.5 -0.1,1 2.9,-2.4 0,-5.5 0.5,-5.2 0.6,-3.1 1,-3.1 0.7,-1.2 z" stroke="black" stroke-width="0.5"/></g></g></svg>',
		size: [40, 40]
	},

//Dash8-300 with props - Standard Scale 28px, 3in4 Non-linear Scale 33px
	'dh8c': {
		svg: '<svg xmlns="http://www.w3.org/2000/svg" viewBox="0 0 64 64" width="33px" height="33px" add_stroke_selected><defs><style>.cls-1{fill:aircraft_color_fill;}</style></defs><title>dh8c_live</title><g id="Layer_2" data-name="Layer 2"><g id="Dash8-300"><path class="cls-1" d="m 32,3 0.2,0.1 0.2,0.2 0.2,0.3 0.7,1.4 0.7,1.9 0.7,3 0.2,2.5 0,13.8 5.7,0.3 0,-4.5 0.2,-1 -3,0 0,-0.1 3,0 0.4,-1.4 0.2,-0.2 0.2,-0.1 0.2,0.1 0.2,0.2 0.4,1.4 3,0 0,0.1 -3,0 0.2,1 0,4.6 19.5,1.5 0.3,0.3 0.2,1.2 0.1,1.6 -9.1,0.6 -0.1,0.2 -0.1,0.1 -0.1,-0.1 -0.1,-0.2 -5.6,0.4 -0.1,0.2 -0.1,0.1 -0.1,-0.1 -0.1,-0.2 -4.6,0.2 0,3 -0.4,1.7 -0.3,0.6 -0.3,0.1 -0.3,-0.1 -0.3,-0.6 -0.4,-1.7 0,-2.5 -5.7,0 0,6 -1.6,13.1 -0.3,2.9 7.5,1 0.3,0.3 0,3.3 -8.5,0 -0.1,0.9 -0.2,0.7 -0.2,-0.7 -0.1,-0.9 -8.5,0 0,-3.3 0.3,-0.3 7.5,-1 -0.3,-2.9 -1.6,-13.1 0,-6 -5.7,0 0,2.5 -0.4,1.7 -0.3,0.6 -0.3,0.1 -0.3,-0.1 -0.3,-0.6 -0.4,-1.7 0,-3 -4.6,-0.2 -0.1,0.2 -0.1,0.1 -0.1,-0.1 -0.1,-0.2 -5.6,-0.4 -0.1,0.2 -0.1,0.1 -0.1,-0.1 -0.1,-0.2 -9.1,-0.6 0.1,-1.6 0.2,-1.2 0.3,-0.3 19.5,-1.5 0,-4.6 0.2,-1 -3,0 0,-0.1 3,0 0.4,-1.4 0.2,-0.2 0.2,-0.1 0.2,0.1 0.2,0.2 0.4,1.4 3,0 0,0.1 -3,0 0.2,1 0,4.5 5.7,-0.3 0,-13.8 0.2,-2.5 0.7,-3 0.7,-1.9 0.7,-1.4 0.2,-0.3 0.2,-0.2 z" stroke="black" stroke-width="0.5"/></g></g></svg>',
		size: [33, 33]
	},

